# Undirected graph (each unordered pair of nodes is saved once): smallworld.txt
# Watts-Strogatz Small-world model. Every node links to K other nodes.
# Nodes: 1000 Edges: 4000
# NodeId	NodeId
0	1
0	2
0	4
0	172
0	996
0	997
0	998
0	999
1	2
1	3
1	4
1	5
1	997
1	998
2	3
2	4
2	5
2	6
2	998
2	999
3	4
3	5
3	6
3	7
3	999
4	6
4	7
4	8
4	105
5	6
5	7
5	8
5	9
6	7
6	8
6	9
6	10
7	8
7	9
7	11
7	107
7	719
8	9
8	10
8	11
8	168
9	10
9	11
9	12
9	13
10	11
10	12
10	13
10	14
10	615
11	12
11	13
11	14
11	569
11	695
12	13
12	14
12	15
12	16
12	219
13	14
13	15
13	16
13	17
13	826
13	898
14	15
14	16
14	17
14	18
15	16
15	17
15	18
15	19
16	17
16	19
16	20
16	962
17	18
17	19
17	20
17	21
18	21
18	22
18	383
18	725
18	984
19	20
19	21
19	22
19	23
20	21
20	22
20	23
20	24
20	699
21	22
21	23
21	24
21	25
21	549
22	23
22	24
22	25
22	26
22	797
23	26
23	27
23	57
23	250
23	651
23	755
24	27
24	28
24	729
24	994
25	26
25	27
25	28
25	29
25	142
26	27
26	28
26	29
26	30
26	61
27	28
27	29
27	30
27	31
28	29
28	30
28	31
28	32
29	30
29	31
29	32
29	33
30	31
30	34
30	123
30	843
31	32
31	33
31	34
31	35
32	33
32	34
32	35
32	36
33	35
33	36
33	37
33	371
33	768
34	35
34	36
34	37
34	38
35	36
35	37
35	38
35	39
36	37
36	38
36	39
36	40
37	39
37	40
37	41
37	510
38	39
38	40
38	41
38	42
38	932
39	40
39	41
39	42
39	43
40	41
40	42
40	43
40	44
41	42
41	43
41	44
41	357
41	712
42	44
42	45
42	46
42	805
43	44
43	45
43	46
43	47
43	815
44	45
44	46
44	47
44	48
45	46
45	47
45	48
45	49
45	538
46	47
46	48
46	49
46	50
46	727
47	49
47	50
47	51
47	676
48	49
48	50
48	51
48	302
48	597
49	51
49	52
49	53
49	603
50	51
50	52
50	53
50	54
51	52
51	53
51	54
51	55
51	835
52	53
52	54
52	55
52	56
52	703
53	54
53	55
53	56
53	57
54	55
54	56
54	57
54	58
54	201
54	648
55	56
55	57
55	58
55	59
56	57
56	58
56	59
56	60
56	671
57	58
57	59
57	60
57	61
57	318
58	59
58	60
58	61
58	62
59	60
59	61
59	62
59	63
60	61
60	62
60	63
60	64
60	642
61	63
61	64
61	65
62	64
62	65
62	66
62	311
62	445
63	64
63	65
63	66
63	67
63	576
64	65
64	66
64	67
64	68
65	66
65	67
65	68
65	69
65	432
65	976
66	68
66	69
66	70
66	658
67	68
67	69
67	70
67	71
68	71
68	72
68	537
68	633
69	70
69	71
69	73
69	256
69	514
69	896
70	71
70	72
70	73
70	74
71	72
71	73
71	74
71	75
72	73
72	74
72	75
72	76
73	74
73	75
73	76
73	77
73	831
74	76
74	219
74	427
74	591
75	76
75	77
75	78
75	79
75	631
76	77
76	78
76	79
76	80
77	78
77	79
77	80
77	81
78	79
78	80
78	81
78	82
79	80
79	81
79	82
79	83
80	82
80	83
80	112
80	472
80	734
80	806
81	82
81	83
81	84
81	85
82	83
82	84
82	85
82	86
83	84
83	85
83	86
83	87
84	86
84	88
84	523
84	558
84	909
85	86
85	87
85	88
85	89
85	290
86	87
86	88
86	89
86	90
86	531
87	88
87	89
87	90
87	91
88	89
88	90
88	91
88	92
88	948
89	90
89	91
89	92
89	93
90	91
90	92
90	93
90	94
91	92
91	93
91	94
91	95
92	93
92	94
92	95
92	96
93	94
93	95
93	96
93	97
94	95
94	97
94	98
94	723
95	97
95	98
95	99
95	282
96	97
96	98
96	99
96	100
97	98
97	99
97	101
97	368
98	99
98	100
98	101
98	102
98	247
98	948
99	100
99	101
99	102
99	103
99	359
99	783
100	101
100	102
100	103
100	104
101	102
101	103
101	104
101	105
102	103
102	104
102	105
102	670
102	798
103	104
103	105
103	106
103	107
104	105
104	106
104	108
104	539
105	106
105	107
105	108
105	109
105	674
106	107
106	108
106	109
106	110
107	108
107	109
107	110
108	109
108	110
108	111
108	112
109	110
109	112
109	113
109	675
110	111
110	112
110	113
110	441
110	993
111	112
111	114
111	115
111	511
112	113
112	114
112	115
112	116
113	114
113	115
113	116
113	117
113	529
114	115
114	116
114	117
114	118
114	239
115	116
115	119
115	186
115	524
116	117
116	118
116	119
116	120
116	446
117	118
117	119
117	120
117	386
118	119
118	120
118	121
118	122
118	658
119	120
119	121
119	122
119	123
120	121
120	122
120	123
120	124
120	427
121	122
121	123
121	124
121	125
122	123
122	124
122	125
122	740
123	124
123	125
123	126
123	127
124	125
124	127
124	128
124	291
125	126
125	127
125	128
125	129
126	127
126	128
126	129
126	130
126	443
126	832
127	128
127	129
127	130
127	131
127	544
127	594
128	129
128	130
128	131
128	132
129	130
129	131
129	133
129	234
129	674
130	131
130	132
130	133
130	134
131	132
131	134
131	135
131	989
132	134
132	135
132	456
132	663
132	715
133	134
133	135
133	136
133	137
133	324
133	641
133	947
134	136
134	137
134	138
134	489
135	136
135	137
135	138
135	139
136	137
136	138
136	139
136	140
136	614
137	138
137	139
137	140
137	141
137	280
138	139
138	140
138	141
138	142
139	140
139	141
139	142
139	143
140	141
140	142
140	143
140	144
141	142
141	143
141	144
141	145
141	330
141	705
142	143
142	146
142	238
143	144
143	145
143	146
143	147
143	505
144	146
144	147
144	148
144	315
144	488
144	943
144	999
145	146
145	147
145	148
145	149
145	666
146	147
146	148
146	149
146	150
147	148
147	149
147	150
147	151
148	149
148	150
148	151
148	152
149	150
149	151
149	152
149	153
150	151
150	152
150	153
150	154
151	152
151	153
151	154
151	155
151	777
152	153
152	154
152	155
152	156
153	154
153	156
153	692
153	805
154	157
154	686
154	694
154	822
155	156
155	157
155	158
155	159
155	317
156	157
156	158
156	159
156	160
156	163
157	158
157	159
157	160
157	161
158	159
158	160
158	161
158	162
159	160
159	161
159	162
159	163
159	895
160	162
160	163
160	164
160	375
161	163
161	164
161	165
161	849
162	163
162	164
162	165
162	166
163	165
163	166
163	167
163	890
164	165
164	166
164	167
164	168
165	166
165	167
165	168
165	728
166	167
166	168
166	169
166	170
167	168
167	169
167	170
167	171
168	169
168	170
168	171
168	172
169	171
169	172
169	173
169	945
170	171
170	172
170	173
170	174
171	173
171	175
171	381
171	962
172	173
172	174
172	175
172	176
173	174
173	175
173	176
173	177
174	175
174	176
174	178
174	803
175	177
175	178
175	179
175	759
175	994
176	177
176	178
176	179
176	180
177	178
177	179
177	180
177	181
177	228
178	179
178	180
178	181
178	182
179	181
179	182
179	183
179	415
180	182
180	183
180	184
180	734
181	182
181	183
181	184
181	185
182	183
182	185
182	186
182	192
183	184
183	185
183	186
183	187
184	185
184	186
184	187
184	188
185	186
185	187
185	188
185	189
186	187
186	188
186	189
186	190
187	188
187	189
187	190
187	191
187	283
188	189
188	190
188	191
188	192
188	293
189	190
189	191
189	192
189	193
190	191
190	192
190	193
190	194
190	848
191	192
191	193
191	194
191	195
192	193
192	194
192	195
192	196
192	885
193	195
193	196
193	404
193	709
194	195
194	196
194	197
194	198
195	196
195	197
195	199
195	250
196	197
196	198
196	199
196	200
197	199
197	200
197	201
197	552
197	709
197	808
198	200
198	201
198	202
198	485
199	200
199	201
199	202
199	203
200	202
200	203
200	204
200	746
201	202
201	203
201	205
202	203
202	204
202	205
202	206
203	204
203	205
203	206
203	207
204	205
204	206
204	207
204	759
204	821
205	206
205	207
205	209
205	827
206	207
206	208
206	209
206	210
206	466
207	208
207	209
207	210
207	211
207	590
208	210
208	211
208	212
208	491
209	210
209	211
209	212
209	213
210	211
210	212
210	213
210	214
210	904
211	212
211	213
211	214
211	215
212	213
212	214
212	216
212	441
212	549
213	214
213	215
213	216
213	217
213	394
214	216
214	218
214	238
214	491
215	216
215	217
215	218
215	219
216	217
216	218
216	219
216	220
217	218
217	219
217	220
217	221
218	219
218	220
218	221
218	222
219	221
219	222
219	223
220	221
220	222
220	223
220	224
220	711
221	222
221	223
221	224
221	225
221	381
222	223
222	224
222	225
222	226
222	870
223	224
223	226
223	227
223	468
224	225
224	226
224	227
224	228
225	226
225	227
225	334
225	793
225	938
226	227
226	228
226	229
226	230
227	228
227	229
227	230
227	231
228	229
228	230
228	231
229	230
229	231
229	232
229	233
230	231
230	232
230	233
230	234
230	356
231	232
231	233
231	234
231	235
232	233
232	234
232	235
232	236
233	234
233	235
233	236
233	237
233	776
234	236
234	238
234	278
235	238
235	239
235	372
235	460
236	238
236	240
236	308
236	966
237	238
237	239
237	240
237	241
237	851
238	239
238	240
238	241
238	242
239	240
239	242
239	243
240	241
240	242
240	243
240	244
241	242
241	243
241	244
241	245
242	243
242	244
242	245
242	246
243	244
243	245
243	246
243	247
244	245
244	246
244	247
244	248
244	917
245	246
245	247
245	248
245	249
245	943
246	247
246	248
246	249
246	250
247	248
247	249
247	250
247	494
248	249
248	250
248	251
248	252
249	250
249	251
249	252
249	253
250	252
250	253
250	254
250	754
251	252
251	253
251	254
251	255
252	253
252	254
252	255
252	256
253	254
253	255
253	256
253	994
254	255
254	256
254	257
254	258
255	256
255	257
255	258
255	259
256	257
256	258
256	259
257	258
257	259
257	260
257	261
258	259
258	260
258	261
258	262
259	260
259	261
259	262
259	263
260	261
260	263
260	264
260	958
261	262
261	263
261	264
261	265
262	265
262	287
262	556
262	683
263	264
263	265
263	266
263	267
264	265
264	266
264	267
264	268
265	266
265	268
265	269
265	270
265	331
266	267
266	268
266	270
266	713
267	268
267	269
267	270
267	271
268	269
268	270
268	271
268	272
269	270
269	271
269	272
269	273
269	579
269	906
270	271
270	273
270	926
271	272
271	273
271	274
271	388
272	274
272	275
272	276
272	312
273	274
273	275
273	276
273	277
273	704
273	989
274	275
274	276
274	277
274	278
275	276
275	277
275	278
275	279
276	277
276	278
276	279
276	280
277	278
277	279
277	280
277	281
278	279
278	280
278	281
278	618
279	280
279	281
279	282
279	283
280	281
280	283
280	284
280	472
281	283
281	285
281	556
281	702
281	945
282	283
282	284
282	285
282	286
282	404
283	284
283	286
283	287
284	285
284	286
284	287
284	425
285	286
285	287
285	288
285	289
286	287
286	288
286	289
286	290
287	288
287	290
287	291
287	914
288	289
288	290
288	291
288	292
288	448
289	290
289	291
289	292
289	293
290	291
290	292
290	293
291	292
291	293
291	294
291	295
291	882
292	293
292	294
292	295
292	296
293	294
293	296
293	297
294	295
294	296
294	297
294	298
294	926
295	296
295	297
295	298
295	709
296	297
296	298
296	299
296	300
297	298
297	299
297	300
297	301
298	299
298	300
298	301
298	302
298	595
298	878
299	300
299	301
299	303
299	434
300	301
300	302
300	303
300	304
300	407
301	302
301	303
301	304
301	305
302	303
302	304
302	305
302	306
302	609
303	304
303	305
303	306
303	307
303	424
304	305
304	306
304	307
304	308
305	306
305	307
305	308
305	309
306	307
306	308
306	309
306	310
307	308
307	309
307	310
307	311
308	309
308	310
308	311
308	312
309	310
309	311
309	312
309	313
310	311
310	313
310	314
310	439
311	312
311	313
311	314
311	315
312	313
312	314
312	315
312	316
313	314
313	315
313	316
313	317
314	315
314	316
314	317
314	318
314	336
315	316
315	317
315	318
315	319
315	961
316	318
316	319
316	320
316	647
317	319
317	320
317	321
317	781
318	319
318	321
318	322
319	320
319	321
319	322
319	323
320	321
320	322
320	323
320	324
321	322
321	323
321	325
321	361
322	324
322	325
322	326
322	782
322	857
323	324
323	325
323	326
323	327
324	325
324	326
324	328
325	326
325	327
325	328
325	329
325	925
325	993
326	327
326	328
326	329
326	330
327	328
327	329
327	330
327	331
328	329
328	330
328	331
328	332
328	776
329	330
329	331
329	332
329	333
330	331
330	332
330	333
331	332
331	333
331	334
331	625
331	653
332	333
332	334
332	335
332	336
333	334
333	335
333	337
333	679
334	335
334	336
334	338
334	895
335	336
335	337
335	338
335	339
336	338
336	339
336	340
337	338
337	339
337	340
337	341
338	339
338	340
338	341
338	342
339	340
339	341
339	342
339	343
339	428
340	341
340	342
340	343
340	344
341	342
341	344
341	345
341	751
342	343
342	344
342	345
342	346
342	965
343	344
343	345
343	346
343	347
344	345
344	346
344	347
344	348
345	346
345	347
345	348
345	349
346	347
346	348
346	349
346	350
347	348
347	349
347	350
347	351
347	812
348	349
348	350
348	351
348	352
349	350
349	351
349	352
349	353
350	351
350	352
350	353
350	354
351	352
351	353
351	354
351	355
351	661
352	353
352	354
352	355
352	356
353	354
353	356
353	357
353	772
353	786
354	355
354	356
354	357
354	358
355	356
355	357
355	358
355	359
356	357
356	359
356	360
356	713
357	358
357	359
357	360
358	359
358	360
358	361
358	362
358	746
358	865
359	360
359	362
359	363
360	361
360	362
360	363
360	364
361	362
361	363
361	365
361	881
362	363
362	364
362	365
362	366
363	364
363	365
363	366
363	367
364	365
364	366
364	367
364	368
365	366
365	367
365	368
365	369
365	587
366	367
366	368
366	369
366	370
367	368
367	369
367	370
367	371
368	369
368	370
368	371
368	979
369	371
369	372
369	373
369	695
370	372
370	373
370	451
370	643
370	830
370	917
371	372
371	373
371	374
371	375
372	373
372	374
372	375
372	376
372	997
373	374
373	375
373	376
373	377
374	375
374	376
374	377
374	378
375	376
375	377
375	378
375	379
376	377
376	378
376	379
376	380
377	378
377	379
377	380
377	381
378	379
378	380
378	381
378	382
379	380
379	381
379	382
379	383
379	844
380	381
380	382
380	383
380	384
380	774
381	382
381	383
381	385
382	383
382	384
382	385
382	386
383	385
383	386
383	387
384	385
384	386
384	387
384	388
385	386
385	387
385	388
385	389
386	387
386	388
386	389
386	390
387	388
387	389
387	390
387	391
388	389
388	390
388	391
388	392
388	807
388	944
389	390
389	391
389	392
389	393
389	589
389	699
390	391
390	392
390	393
390	394
391	392
391	393
391	394
391	768
392	393
392	394
392	395
392	396
393	394
393	395
393	396
393	397
394	397
394	398
394	404
395	396
395	397
395	398
395	605
396	397
396	398
396	399
396	400
397	398
397	401
397	658
397	710
397	715
397	727
398	399
398	400
398	401
398	402
398	564
399	400
399	401
399	402
399	403
400	401
400	402
400	403
400	404
401	402
401	403
401	404
401	405
401	580
402	403
402	404
402	405
402	406
403	404
403	405
403	406
403	407
404	405
404	406
404	407
405	406
405	407
405	408
405	409
406	407
406	408
406	409
406	410
407	409
407	410
407	411
408	409
408	410
408	411
408	412
409	410
409	411
409	412
409	413
410	411
410	412
410	413
410	414
411	412
411	413
411	414
411	415
411	599
412	413
412	414
412	415
412	551
413	414
413	415
413	416
413	417
413	817
414	415
414	416
414	417
414	418
415	416
415	417
415	418
415	454
416	417
416	418
416	419
416	688
417	419
417	421
417	742
417	817
418	419
418	420
418	421
418	422
419	420
419	421
419	422
419	423
420	421
420	422
420	423
420	424
421	422
421	423
421	424
421	425
421	947
422	423
422	424
422	425
422	426
423	424
423	427
423	455
423	634
423	654
423	681
424	425
424	426
424	428
425	426
425	427
425	428
425	429
426	427
426	428
426	429
426	430
427	428
427	430
427	431
428	429
428	430
428	432
429	430
429	431
429	432
429	433
429	698
430	431
430	432
430	434
430	747
431	432
431	433
431	434
431	435
432	433
432	435
432	436
432	798
433	434
433	435
433	436
433	437
433	518
433	607
434	435
434	436
434	437
434	438
435	436
435	437
435	438
435	439
436	437
436	438
436	439
436	440
437	438
437	439
437	440
437	441
438	439
438	441
438	442
438	660
439	440
439	441
439	442
439	443
440	441
440	442
440	443
440	444
440	699
441	442
441	444
441	445
441	447
442	443
442	444
442	445
442	446
442	463
442	670
443	444
443	445
443	447
444	445
444	446
444	447
444	448
444	592
445	446
445	447
445	449
445	596
446	447
446	449
446	450
447	449
447	450
447	451
447	821
448	450
448	847
448	967
449	451
449	452
449	453
449	708
450	451
450	452
450	453
450	454
451	452
451	453
451	454
451	455
452	453
452	454
452	455
452	456
453	454
453	455
453	456
453	457
454	455
454	456
454	457
454	458
455	456
455	457
455	458
455	740
456	457
456	458
456	459
457	458
457	459
457	460
457	461
458	459
458	460
458	461
458	502
459	460
459	461
459	462
459	463
460	461
460	462
460	463
460	464
460	779
461	462
461	463
461	464
461	465
462	463
462	464
462	465
462	466
463	464
463	466
463	467
464	465
464	466
464	467
464	468
465	466
465	467
465	468
465	469
466	467
466	469
466	470
466	997
467	468
467	469
467	471
467	755
468	470
468	471
468	472
468	586
469	470
469	471
469	472
469	473
470	471
470	472
470	473
470	474
470	680
471	472
471	473
471	474
471	475
471	773
472	473
472	476
473	474
473	475
473	476
473	477
474	475
474	476
474	477
474	478
475	476
475	477
475	478
475	479
475	870
476	477
476	478
476	479
476	480
476	552
477	478
477	479
477	480
477	481
478	479
478	480
478	481
478	482
479	481
479	482
479	483
479	842
480	481
480	482
480	483
480	484
481	482
481	483
481	484
481	485
482	483
482	484
482	485
482	486
483	484
483	485
483	486
483	487
484	485
484	486
484	487
484	488
485	486
485	487
485	488
485	489
486	487
486	488
486	489
486	490
487	488
487	489
487	490
487	491
487	650
488	489
488	491
488	492
489	490
489	491
489	492
489	493
490	491
490	492
490	493
490	494
491	492
491	494
491	495
491	954
492	493
492	494
492	495
492	496
493	494
493	496
493	497
493	824
494	495
494	496
494	497
495	497
495	498
495	499
495	655
496	497
496	498
496	499
496	500
497	498
497	499
497	500
497	501
498	499
498	500
498	501
498	502
498	742
499	500
499	501
499	502
499	503
500	501
500	502
500	503
500	504
501	502
501	503
501	504
501	505
501	840
502	503
502	504
502	505
502	506
503	504
503	505
503	506
503	507
504	505
504	506
504	507
504	508
505	506
505	508
505	509
506	507
506	508
506	509
506	510
507	508
507	509
507	510
507	511
508	509
508	510
508	511
508	512
508	886
509	510
509	511
509	512
509	513
510	511
510	512
510	513
510	514
511	512
511	513
511	514
511	515
512	513
512	514
512	515
512	516
513	514
513	515
513	516
513	517
514	515
514	516
514	517
514	518
515	516
515	517
515	518
515	519
516	517
516	518
516	519
516	520
517	518
517	519
517	520
517	521
518	519
518	520
518	522
519	520
519	521
519	522
519	523
520	521
520	522
520	523
520	524
521	522
521	523
521	524
521	525
521	704
522	524
522	525
522	526
522	989
523	524
523	525
523	526
523	527
524	525
524	526
524	527
524	528
525	526
525	527
525	528
525	529
525	791
526	527
526	528
526	529
526	530
527	528
527	529
527	530
527	531
527	651
528	529
528	530
528	531
528	532
529	530
529	531
529	532
530	531
530	532
530	533
530	534
530	747
531	532
531	534
531	535
532	533
532	534
532	535
532	536
533	534
533	535
533	536
533	537
533	698
534	535
534	536
534	537
534	538
535	536
535	537
535	538
535	539
535	633
536	537
536	538
536	539
536	540
537	538
537	539
537	540
537	541
538	539
538	540
538	541
539	540
539	541
539	542
539	543
540	541
540	542
540	543
540	544
541	542
541	543
541	544
541	545
542	544
542	545
542	546
542	994
543	544
543	545
543	546
543	547
543	630
544	545
544	546
544	547
545	546
545	547
545	548
545	549
546	547
546	548
546	549
546	550
547	548
547	549
547	550
547	551
548	549
548	550
548	551
548	552
549	550
549	552
549	899
550	551
550	552
550	553
550	554
550	563
551	552
551	553
551	555
551	861
552	553
552	555
552	556
553	554
553	555
553	556
553	557
554	555
554	556
554	557
554	558
555	556
555	557
555	558
555	559
556	557
556	559
556	560
557	558
557	559
557	560
557	561
558	559
558	560
558	561
558	562
559	560
559	561
559	563
559	672
560	561
560	562
560	563
560	564
560	654
561	562
561	563
561	564
561	565
562	563
562	564
562	565
562	566
563	564
563	566
563	567
563	629
564	566
564	567
564	568
565	566
565	567
565	568
565	569
566	567
566	568
566	569
566	570
567	568
567	569
567	570
567	571
567	692
567	709
568	569
568	570
568	571
568	572
569	570
569	571
569	573
570	571
570	573
570	574
570	908
571	572
571	573
571	574
571	575
571	979
572	573
572	574
572	575
572	576
573	574
573	575
573	576
573	577
574	575
574	576
574	577
574	578
575	576
575	577
575	578
575	579
576	578
576	579
576	580
576	737
577	578
577	579
577	580
577	581
578	579
578	580
578	581
578	582
579	580
579	582
579	583
580	581
580	583
580	584
581	582
581	583
581	584
581	585
582	583
582	584
582	585
582	586
582	683
583	584
583	585
583	586
583	587
583	779
584	585
584	586
584	587
584	588
584	945
585	587
585	588
585	589
585	843
586	587
586	588
586	589
586	590
587	588
587	590
587	591
588	589
588	590
588	591
588	592
589	590
589	591
589	593
590	592
590	593
590	594
591	592
591	593
591	594
591	595
592	594
592	595
592	596
593	594
593	595
593	596
593	597
594	595
594	596
594	598
595	596
595	598
595	599
596	597
596	598
596	599
596	742
597	599
597	600
597	691
597	835
598	599
598	600
598	601
598	602
599	600
599	601
599	602
600	601
600	602
600	603
600	604
601	602
601	603
601	604
601	605
602	603
602	604
602	605
602	606
603	604
603	605
603	606
603	607
604	605
604	606
604	607
604	608
605	606
605	607
605	608
605	609
605	826
606	607
606	608
606	609
606	610
607	608
607	610
607	611
608	609
608	610
608	611
608	612
609	611
609	612
609	613
609	675
610	611
610	612
610	613
610	614
610	866
611	612
611	613
611	614
611	615
612	613
612	614
612	616
612	860
613	614
613	615
613	616
613	617
614	616
614	617
614	618
615	616
615	617
615	720
616	617
616	618
616	619
616	620
617	618
617	619
617	620
617	621
618	619
618	620
618	621
618	622
619	620
619	621
619	622
619	623
620	621
620	622
620	623
620	624
621	622
621	623
621	624
621	625
622	623
622	624
622	625
622	626
623	624
623	625
623	626
623	627
624	625
624	626
624	627
624	628
625	626
625	627
625	628
625	629
626	627
626	628
626	629
626	630
627	628
627	629
627	630
627	631
627	840
628	629
628	630
628	631
628	632
629	630
629	631
629	632
630	631
630	632
630	633
631	632
631	633
631	635
631	840
632	634
632	635
632	636
632	863
632	908
633	635
633	637
633	812
634	636
634	637
634	638
635	636
635	637
635	638
635	639
636	638
636	639
636	640
636	811
637	638
637	639
637	640
637	641
638	639
638	640
638	641
638	642
639	640
639	641
639	642
639	643
640	641
640	642
640	643
640	644
641	644
641	645
641	765
642	643
642	644
642	646
643	644
643	645
643	647
644	645
644	646
644	647
644	648
645	646
645	647
645	648
645	649
646	647
646	648
646	649
646	650
647	648
647	649
647	650
647	651
648	649
648	650
648	652
648	985
649	650
649	651
649	652
649	653
650	652
650	653
650	654
651	652
651	654
651	655
652	653
652	654
652	655
652	656
653	654
653	655
653	657
654	655
654	656
654	658
654	883
655	656
655	657
655	658
655	659
656	657
656	658
656	659
656	660
657	658
657	659
657	660
657	661
658	659
658	662
659	660
659	661
659	662
659	663
660	661
660	662
660	663
660	664
661	662
661	664
661	783
662	663
662	664
662	665
662	666
663	664
663	665
663	666
663	667
664	665
664	666
664	667
664	668
664	784
665	666
665	667
665	668
665	669
666	667
666	670
666	700
667	668
667	669
667	670
667	671
668	669
668	670
668	671
668	672
668	825
669	670
669	671
669	672
669	673
670	671
670	672
670	674
671	673
671	674
671	675
672	673
672	674
672	675
672	676
673	674
673	675
673	676
673	677
674	675
674	676
674	678
675	676
675	677
675	678
676	677
676	678
676	679
676	680
677	678
677	679
677	680
677	681
678	679
678	680
678	681
678	869
679	680
679	681
679	682
679	683
680	681
680	682
680	683
680	755
681	682
681	683
681	684
681	685
682	683
682	684
682	685
682	686
683	684
683	685
683	686
683	756
684	685
684	686
684	687
684	688
684	731
685	686
685	687
685	688
685	689
686	687
686	688
686	689
686	690
687	688
687	689
687	690
687	691
688	689
688	690
688	692
688	807
689	690
689	691
689	692
689	693
690	691
690	692
690	693
690	694
691	693
691	694
691	695
692	693
692	694
692	696
693	694
693	695
693	696
693	697
694	695
694	696
694	697
694	993
695	696
695	697
695	698
695	699
696	697
696	698
696	699
696	700
697	698
697	699
697	700
697	701
698	699
698	701
698	716
699	703
700	701
700	702
700	703
700	704
701	702
701	703
701	704
701	705
702	703
702	704
702	705
702	706
703	706
703	707
703	993
704	706
704	708
705	707
705	708
705	709
706	707
706	708
706	709
706	710
707	708
707	709
707	710
707	711
708	709
708	710
708	711
708	712
709	711
709	713
709	729
710	711
710	712
710	713
710	714
711	712
711	713
711	714
712	713
712	714
712	715
712	716
713	714
713	715
713	716
714	715
714	716
714	717
714	718
715	717
715	718
715	719
716	717
716	718
716	719
717	718
717	719
717	720
717	721
718	719
718	720
718	721
718	722
719	720
719	721
719	722
719	723
720	721
720	722
720	723
720	724
721	722
721	723
721	724
721	725
722	723
722	724
722	725
722	726
723	724
723	725
723	726
723	727
724	725
724	726
724	727
724	728
725	726
725	727
725	728
725	729
725	762
726	727
726	728
726	729
726	730
727	728
727	729
727	730
728	729
728	730
728	731
728	732
729	730
729	732
729	733
730	731
730	732
730	733
730	734
731	732
731	733
731	735
732	733
732	734
732	735
732	736
733	734
733	735
733	736
733	737
734	735
734	736
734	737
734	738
735	736
735	737
735	738
735	739
736	737
736	738
736	739
736	740
737	738
737	740
737	741
738	739
738	740
738	741
738	742
739	740
739	741
739	742
739	743
740	741
740	742
740	743
741	742
741	743
741	744
741	745
742	743
742	746
743	745
743	746
743	747
743	799
744	745
744	746
744	747
744	748
745	746
745	747
745	748
745	749
746	747
746	748
746	750
746	934
747	748
747	750
747	751
748	749
748	750
748	751
748	752
749	750
749	751
749	752
749	753
750	751
750	752
750	753
750	754
751	752
751	753
751	754
751	755
752	753
752	754
752	755
752	756
753	754
753	755
753	756
753	757
754	756
754	757
754	758
755	756
755	759
756	757
756	758
756	760
757	758
757	759
757	760
757	761
758	759
758	760
758	761
758	762
759	761
759	762
759	763
760	761
760	762
760	763
760	764
761	762
761	763
761	764
761	765
762	764
762	765
762	766
763	764
763	765
763	766
763	767
764	765
764	766
764	767
764	768
765	766
765	767
765	768
765	769
766	767
766	768
766	769
766	770
766	854
767	768
767	769
767	770
767	771
768	769
768	770
768	771
768	952
769	770
769	771
769	772
769	773
770	771
770	772
770	773
770	774
771	772
771	774
771	775
771	952
772	773
772	774
772	776
773	774
773	776
773	777
774	775
774	777
774	778
775	776
775	777
775	778
775	779
776	777
776	779
777	778
777	780
777	781
777	839
778	779
778	780
778	781
778	782
779	782
779	783
780	781
780	782
780	783
780	784
781	782
781	783
781	784
782	783
782	785
782	786
783	784
783	785
783	786
784	786
784	787
784	788
784	892
785	786
785	787
785	788
785	789
786	787
786	788
786	789
786	790
787	788
787	789
787	790
787	791
788	789
788	790
788	791
788	792
789	790
789	791
789	792
789	793
789	847
790	791
790	792
790	793
790	794
791	793
791	794
791	795
792	793
792	794
792	795
792	796
793	794
793	795
793	796
793	797
793	897
794	795
794	796
794	797
794	798
795	796
795	797
795	798
795	799
796	797
796	798
796	799
796	800
797	798
797	800
797	801
798	801
798	802
798	831
799	800
799	801
799	802
799	803
800	801
800	802
800	803
800	804
801	802
801	803
801	804
801	805
802	803
802	804
802	805
802	806
802	922
803	804
803	805
803	806
803	807
804	805
804	806
804	807
804	808
805	806
805	807
805	808
805	809
806	808
806	809
806	810
806	945
807	808
807	809
807	811
808	809
808	810
808	812
809	810
809	811
809	812
809	813
810	811
810	812
810	813
810	814
811	812
811	813
811	814
811	815
812	813
812	815
812	958
813	814
813	815
813	816
813	817
814	815
814	816
814	817
814	818
815	816
815	817
815	818
816	817
816	818
816	819
816	820
817	818
817	819
817	821
818	819
818	820
818	821
818	822
819	820
819	821
819	822
819	823
820	821
820	822
820	823
820	824
820	833
821	822
821	824
821	825
822	823
822	824
822	825
822	826
823	824
823	825
823	826
823	827
824	825
824	826
824	827
824	828
825	826
825	828
825	829
825	863
826	828
826	829
827	828
827	829
827	830
827	831
828	829
828	830
828	831
828	832
829	830
829	831
829	832
829	833
830	831
830	833
830	834
831	833
831	834
831	881
832	833
832	834
832	835
833	835
833	836
833	941
834	835
834	836
834	837
834	838
835	836
835	838
835	839
836	837
836	838
836	839
836	840
837	838
837	839
837	840
837	841
838	839
838	840
838	841
838	842
839	841
839	842
839	843
840	844
841	842
841	843
841	844
841	845
842	843
842	844
842	845
842	846
842	891
843	844
843	845
843	846
843	847
844	845
844	846
844	847
845	846
845	847
845	848
845	849
846	847
846	849
846	850
846	963
847	848
847	849
847	851
848	849
848	850
848	851
849	850
849	851
849	852
849	853
850	851
850	852
850	853
850	854
851	853
851	854
851	855
852	853
852	854
852	855
852	856
853	854
853	855
853	856
853	857
854	856
854	857
854	858
855	856
855	857
855	858
855	859
856	857
856	858
856	859
856	860
857	858
857	859
857	860
857	861
858	859
858	860
858	861
858	862
859	860
859	861
859	862
859	863
860	861
860	862
860	863
860	864
860	959
861	862
861	863
861	864
861	865
862	863
862	864
862	865
862	866
863	865
863	866
863	867
864	865
864	866
864	867
864	868
865	866
865	867
865	868
866	867
866	868
866	870
867	868
867	869
867	870
867	871
868	869
868	870
868	871
868	872
869	870
869	871
869	872
869	873
870	871
870	872
871	872
871	873
871	874
871	875
872	873
872	874
872	875
872	876
873	874
873	875
873	876
873	877
874	875
874	876
874	877
874	878
875	876
875	877
875	878
875	879
876	877
876	878
876	879
876	880
877	878
877	879
877	880
877	881
878	879
878	881
878	882
879	880
879	881
879	882
879	883
880	881
880	882
880	883
880	884
881	882
881	883
881	885
882	883
882	885
882	886
883	885
883	886
883	887
884	885
884	886
884	887
884	888
885	886
885	887
885	888
886	887
886	888
886	890
887	888
887	889
887	890
887	891
888	889
888	890
888	891
888	892
889	890
889	891
889	892
889	893
890	891
890	892
890	893
891	892
891	894
891	895
892	893
892	895
892	896
893	894
893	895
893	896
893	897
894	895
894	896
894	897
894	898
895	896
895	897
895	899
896	898
896	899
896	900
897	898
897	899
897	901
898	900
898	901
898	902
899	900
899	901
899	902
899	903
900	901
900	902
900	903
900	904
901	902
901	903
901	904
901	905
902	903
902	904
902	905
902	906
903	904
903	905
903	906
903	907
904	905
904	906
904	908
905	906
905	907
905	908
905	909
906	907
906	908
906	909
907	908
907	909
907	910
907	911
908	909
908	910
908	912
909	911
909	912
909	913
910	911
910	912
910	913
910	914
911	912
911	913
911	914
911	915
912	913
912	914
912	915
912	916
913	914
913	915
913	916
913	917
914	915
914	916
914	917
914	918
915	916
915	917
915	918
915	919
915	922
916	917
916	918
916	919
916	920
917	918
917	919
917	921
918	919
918	920
918	921
918	922
919	920
919	921
919	922
919	923
920	921
920	922
920	923
920	924
921	922
921	923
921	924
921	925
922	923
922	924
923	924
923	925
923	926
923	927
924	925
924	926
924	927
924	928
925	926
925	927
925	928
926	927
926	928
926	930
927	929
927	930
927	931
927	934
928	929
928	930
928	931
928	932
929	930
929	931
929	932
929	933
930	931
930	932
930	933
930	934
931	932
931	933
931	934
931	935
932	933
932	935
932	936
933	934
933	935
933	936
933	937
934	935
934	937
934	938
935	936
935	937
935	938
935	939
936	937
936	938
936	939
936	940
937	938
937	939
937	940
937	941
938	939
938	941
938	942
939	940
939	941
939	942
939	943
940	941
940	942
940	943
940	944
941	942
941	943
941	944
941	945
942	943
942	944
942	945
942	946
943	946
943	947
944	945
944	946
944	947
945	946
945	947
946	947
946	948
946	949
946	950
947	948
947	949
948	951
948	952
949	950
949	951
949	952
949	953
950	951
950	952
950	953
950	954
951	952
951	954
951	955
951	956
952	953
952	955
952	956
953	954
953	955
953	956
953	957
954	955
954	956
954	957
954	958
955	956
955	957
955	958
955	959
956	957
956	958
956	959
956	960
957	958
957	959
957	960
957	961
958	959
958	960
958	961
958	962
959	960
959	962
959	963
960	961
960	962
960	963
960	964
961	962
961	963
961	964
962	963
962	964
962	965
962	966
963	964
963	965
963	966
963	967
964	965
964	966
964	967
964	968
964	971
965	966
965	968
965	969
966	967
966	968
966	969
966	970
967	968
967	969
967	970
967	971
968	969
968	970
968	971
968	972
969	970
969	971
969	972
969	973
970	971
970	972
970	973
970	974
971	973
971	974
971	975
972	973
972	974
972	975
972	976
973	974
973	975
973	976
973	977
974	975
974	976
974	977
974	978
975	976
975	977
975	978
975	979
976	978
976	979
976	980
977	978
977	979
977	980
977	981
978	979
978	980
978	981
978	982
979	980
979	982
979	983
980	981
980	982
980	983
980	984
981	982
981	983
981	984
981	985
982	983
982	984
982	985
982	986
983	984
983	985
983	986
983	987
984	985
984	986
984	987
984	988
985	987
985	988
985	989
986	987
986	988
986	989
986	990
987	988
987	989
987	990
987	991
988	989
988	990
988	991
988	992
989	990
989	992
989	993
990	991
990	992
990	993
990	994
991	992
991	993
991	994
991	995
992	993
992	994
992	995
992	996
993	994
993	996
994	995
994	996
994	998
995	996
995	997
995	998
995	999
996	997
996	998
996	999
998	999
